100
0.956474
0.948349
0.065986
0.094023
0.837144
0.73861
0.673033
0.315055
0.609885
0.610734
0.585392
0.166799
0.436363
0.399597
0.725782
0.994871
0.949902
0.548735
0.450406
0.275558
0.045565
0.03717
0.470245
0.32528
0.386215
0.892872
0.530495
0.564905
0.243762
0.033619
0.331891
0.14533
0.515122
0.998697
0.677735
0.190025
0.894636
0.798792
0.737058
0.907528
0.765257
0.79185
0.360249
0.981167
0.962282
0.169573
0.756464
0.717999
0.466793
0.535052
0.495114
0.925584
0.505833
0.833209
0.360385
0.884022
0.900704
0.466402
0.572028
0.921127
0.726535
0.491742
0.229593
0.331421
0.702576
0.174409
0.908861
0.275456
0.912264
0.316467
0.957788
0.709144
0.509206
0.52257
0.6549
0.592065
0.318726
0.21574
0.516773
0.934813
0.627032
0.084622
0.822196
0.72869
0.908577
0.199489
0.747335
0.068171
0.656381
0.280369
0.23435
0.876736
0.115203
0.527139
0.855404
0.252384
0.218374
0.881776
0.428688
0.719791
