700
0.245585
0.548787
0.376256
0.607881
0.629463
0.074874
0.023036
0.839094
0.26676
0.241988
0.995688
0.475561
0.838097
0.48159
0.642677
0.15911
0.638512
0.869365
0.527949
0.743839
0.674697
0.073391
0.760648
0.595189
0.308255
0.040702
0.866872
0.478022
0.721636
0.880025
0.716988
0.921888
0.401014
0.8029
0.450175
0.936231
0.880078
0.10648
0.144609
0.224817
0.965825
0.4418
0.630382
0.308016
0.512171
0.392008
0.357401
0.589223
0.588409
0.90516
0.685162
0.929656
0.857837
0.99108
0.674561
0.171469
0.862031
0.964987
0.905649
0.573416
0.716679
0.219014
0.833292
0.577797
0.292108
0.072826
0.855403
0.989908
0.097633
0.802589
0.416357
0.159258
0.300952
0.771104
0.874039
0.053748
0.618387
0.054491
0.721256
0.337645
0.882096
0.980829
0.510366
0.998524
0.316573
0.086201
0.603765
0.041064
0.205411
0.413857
0.614362
0.164637
0.052011
0.869101
0.320692
0.959073
0.897693
0.384011
0.465806
0.524872
0.64745
0.599694
0.563668
0.623925
0.941215
0.511957
0.43688
0.723108
0.245259
0.308076
0.978019
0.525916
0.552946
0.021343
0.421058
0.584166
0.029852
0.61964
0.635859
0.06948
0.631068
0.471588
0.682489
0.359051
0.709881
0.740654
0.031961
0.069971
0.67926
0.963673
0.258611
0.461749
0.596745
0.326825
0.370316
0.319544
0.375462
0.599665
0.3074
0.383389
0.774551
0.036652
0.573565
0.737821
0.316917
0.230312
0.80577
0.246308
0.19552
0.440882
0.701086
0.110823
0.328746
0.340416
0.835204
0.444046
0.85698
0.177591
0.343343
0.65373
0.886049
0.456591
0.232778
0.12971
0.534331
0.198896
0.808709
0.840092
0.19175
0.285806
0.809154
0.645518
0.808195
0.35183
0.138392
0.299023
0.795923
0.278463
0.352891
0.422737
0.425573
0.415427
0.921406
0.164438
0.014615
0.943835
0.881178
0.987045
0.440009
0.95066
0.928103
0.22987
0.748068
0.838332
0.666357
0.523825
0.296151
0.347658
0.235192
0.077387
0.592791
0.294141
0.81209
0.054626
0.904573
0.696769
0.924616
0.897601
0.900678
0.581184
0.023013
0.747845
0.180103
0.306889
0.666267
0.529714
0.419613
0.939652
0.616042
0.347939
0.25995
0.863048
0.482426
0.784502
0.358323
0.20536
0.539291
0.818643
0.179589
0.793755
0.922549
0.807991
0.825264
0.01743
0.632321
0.863929
0.059433
0.278683
0.2759
0.531994
0.428754
0.478171
0.778733
0.011791
0.064285
0.135595
0.13338
0.077733
0.974946
0.855904
0.095267
0.507099
0.322737
0.321434
0.357777
0.650444
0.590747
0.367226
0.199171
0.335489
0.132517
0.559971
0.718882
0.386436
0.089102
0.186771
0.379542
0.608391
0.784796
0.386462
0.803149
0.626697
0.437278
0.378696
0.50119
0.705852
0.426309
0.697182
0.466232
0.252632
0.540479
0.698217
0.080865
0.43064
0.431597
0.880873
0.937119
0.380493
0.898876
0.793008
0.269558
0.469502
0.131915
0.815089
0.665667
0.88847
0.794545
0.670886
0.736398
0.568206
0.112102
0.591881
0.014852
0.152083
0.776561
0.05387
0.100881
0.108307
0.881663
0.187362
0.033252
0.84312
0.130071
0.845504
0.676799
0.83782
0.952887
0.583286
0.80076
0.045907
0.769744
0.516212
0.718006
0.115676
0.751475
0.935217
0.070528
0.331004
0.568338
0.829779
0.249705
0.187975
0.257466
0.619821
0.756008
0.399793
0.373797
0.402673
0.356782
0.424035
0.092428
0.505307
0.973326
0.418703
0.749935
0.169014
0.69393
0.758555
0.677117
0.521921
0.488884
0.646523
0.898427
0.157834
0.104902
0.750673
0.917448
0.522081
0.448623
0.721722
0.19425
0.274684
0.207188
0.589761
0.321699
0.239982
0.694221
0.953891
0.302905
0.70828
0.419069
0.855103
0.588802
0.274502
0.225429
0.032894
0.484695
0.388923
0.180525
0.366866
0.328822
0.776463
0.152174
0.991306
0.484794
0.603011
0.473372
0.836266
0.823399
0.56155
0.486486
0.723502
0.858082
0.40626
0.736253
0.960656
0.472721
0.237305
0.242431
0.720511
0.678597
0.959128
0.855343
0.249671
0.197727
0.266037
0.195314
0.707687
0.86001
0.900762
0.262458
0.866448
0.320283
0.429062
0.731679
0.095066
0.101716
0.83559
0.298846
0.363094
0.584497
0.678752
0.016815
0.341454
0.441859
0.491042
0.217995
0.589254
0.955784
0.397011
0.548913
0.127985
0.282014
0.668779
0.121404
0.888317
0.909674
0.105937
0.941875
0.380481
0.774695
0.75975
0.302579
0.679128
0.657538
0.807994
0.272936
0.756648
0.961713
0.676097
0.540806
0.122163
0.498942
0.358636
0.720912
0.681758
0.570728
0.19016
0.649211
0.634576
0.187313
0.89102
0.658818
0.1319
0.932526
0.14997
0.338215
0.723273
0.601458
0.559375
0.651012
0.463127
0.319318
0.184617
0.07791
0.718677
0.756936
0.547704
0.742242
0.36563
0.273188
0.389546
0.873815
0.05169
0.509665
0.254724
0.771212
0.360568
0.339534
0.409305
0.546083
0.773993
0.359356
0.848415
0.12101
0.277783
0.108652
0.121558
0.781193
0.730016
0.192997
0.197278
0.422489
0.745884
0.817591
0.751213
0.595997
0.155006
0.404435
0.201702
0.532325
0.572685
0.210056
0.257649
0.783846
0.039787
0.805125
0.892288
0.94983
0.389315
0.55708
0.587226
0.637305
0.977207
0.689764
0.306409
0.861411
0.489231
0.60535
0.729566
0.012349
0.772752
0.665318
0.496954
0.528403
0.465928
0.201502
0.534252
0.046692
0.505443
0.649499
0.44978
0.570345
0.959432
0.89313
0.144232
0.794452
0.627045
0.060101
0.366302
0.24108
0.087058
0.543491
0.930524
0.329886
0.871806
0.697713
0.143013
0.859708
0.605115
0.927706
0.718793
0.742322
0.350157
0.808614
0.932423
0.862845
0.442654
0.759281
0.490152
0.118031
0.052275
0.087163
0.2083
0.169214
0.502169
0.702285
0.542061
0.42789
0.65275
0.311603
0.469761
0.759528
0.407443
0.188783
0.900417
0.722495
0.373263
0.377263
0.534038
0.600509
0.231609
0.012674
0.216905
0.785348
0.152042
0.465388
0.203347
0.217195
0.179056
0.40971
0.176593
0.037208
0.118969
0.176551
0.495372
0.069121
0.032204
0.453543
0.413666
0.706409
0.060605
0.40927
0.402643
0.036397
0.965871
0.226721
0.103328
0.47984
0.173112
0.626227
0.352895
0.132706
0.061372
0.730399
0.282338
0.789961
0.47075
0.93359
0.307543
0.257473
0.273156
0.816523
0.632813
0.351292
0.102779
0.685575
0.969575
0.596335
0.01362
0.039999
0.099629
0.178631
0.04624
0.063404
0.657769
0.901298
0.208682
0.974109
0.482109
0.805553
0.918202
0.940689
0.04387
0.311676
0.610863
0.947074
0.096902
0.300499
0.851407
0.123527
0.395965
0.34084
0.683247
0.929234
0.182885
0.742397
0.736612
0.837301
0.557803
0.924268
0.369197
0.420576
0.237111
0.781671
0.485809
0.276763
0.178046
0.723423
0.609648
0.713521
0.392932
0.492243
0.162351
0.71359
0.032724
0.472259
0.760867
0.680558
0.106117
0.244799
0.845218
0.645956
0.879748
0.873535
0.455405
0.897925
0.735529
0.340374
0.376392
